000100000100000100000100000100000100
000100001100000100000100000100000100
001100000100000100000100000100000100
000100000100000100000100000100001100
000100000100000100000100000100001110
001100000100000100000100000100001110
001100001100001100001100001100001100
001100001100001100001100001100011100
011100001100001100001100001100001100
001100011100001100001100001100001100
001100001100001100001100001100011100
001100001100001100001100001100001110
000100001100001100001100001100000100
001100001000001000001000001000001100
000000001000001000001000001000001000
001000001000001000001000001000000000
001000001100001100001100001100000100
000000001100001100001100001100001100
000000001100000100000100000100000100
000000001100001000001000001000001100
000000001100001100000100000100000100
001000011000011000001000001000001000
000010000110000110000010000010000110
000100000100000100001000001000001000
000010000010000100000100001000001000
010000010000001000001000000100000100
010000001000001000001000000100000000
000100000100001000001000010000000000
000000000100000100001000001000001000
000000000010000010000010000010000000
000000000100001000010000010000000000
000000001100000100000100000100000000
001100010010000010000100001000011110
011100010010000010000100001000011110
001110010010000010000100001000011110
001100010010000010000100001100011110
001100010010000010000110001000011110
001100010010000010000100011000011110
011100010010000010000100011000011110
011110010010000010000100001000011110
001100010010000010000100001000011110
011100010010000010000110011000011110
001110010010000010000110001000011110
011110010010000010001100011000011110
001100010010000010000100001000111110
001100010010000010000100001000011111
001100010010000010000100001000011110
001100010010100010000100001000011110
011100010010100010000100001000011110
011100010010100010000100011000011110
011100010010000010000100001100111110
001100010010000010000100001000011111
011100010010000010000100001000011111
001100010011000011000110001000011110
001100010010000010000100001000011110
001100011110000010000100001000011110
001100011010000010000100001000011110
001100011010010010000100001000011110
001100010010000010001100011000111110
001110010011000011000100001000011111
011100010010000110000100001100011110
011110010010000010000110001100111110
011100010100000100001100011000011110
001100010110000110000100001100011110
001100010010000010000110010010001100
001100010010000110000110010010001100
001100010010000110000010010010001100
011100010010000010000110010010001100
001100010010000010000110010010011100
001100010010000010000110010010001110
001110010010000010000110010010001100
011100010010000010000110010010001100
001100010010000010000110010010011100
001100010010000001000111010010001100
001100010010000111000011010010001100
001110010010000001000111010010001100
001110010001000111000011010001001110
001100010010000010000110010010001100
001100010010000010000110100010011100
011100100010000010000110010010001100
011100110010000010000110110010011100
011100110010000010000110010010001100
001100010010000010000110110010011100
001100010011000110000110010010001100
001100010010000110000110010001001110
011100010010000110000110110010001100
001100110010001110000110000010011100
011100100010001110001110000010111100
111100000010001110000110010010011100
001100010011000010000110110011011110
011100011010000010000110010010011100
011100010010000110000010011010001100
001100010011000011000110110010011110
111110010010000010000110110010011100
111100110010000010000110110010111100
001110010011000110000010010011001110