000100
000100
000100
000100
000100
000100

000100
001100
000100
000100
000100
000100

001100
000100
000100
000100
000100
000100

000100
000100
000100
000100
000100
001100

000100
000100
000100
000100
000100
001110

001100
000100
000100
000100
000100
001110

001100
001100
001100
001100
001100
001100

001100
001100
001100
001100
001100
011100

011100
001100
001100
001100
001100
001100

001100
011100
001100
001100
001100
001100

001100
001100
001100
001100
001100
011100

001100
001100
001100
001100
001100
001110

000100
001100
001100
001100
001100
000100

001100
001000
001000
001000
001000
001100

000000
001000
001000
001000
001000
001000

001000
001000
001000
001000
001000
000000

001000
001100
001100
001100
001100
000100

000000
001100
001100
001100
001100
001100

000000
001100
000100
000100
000100
000100

000000
001100
001000
001000
001000
001100

000000
001100
001100
000100
000100
000100

001000
011000
011000
001000
001000
001000

000010
000110
000110
000010
000010
000110

000100
000100
000100
001000
001000
001000

000010
000010
000100
000100
001000
001000

010000
010000
001000
001000
000100
000100

010000
001000
001000
001000
000100
000000

000100
000100
001000
001000
010000
000000

000000
000100
000100
001000
001000
001000

000000
000010
000010
000010
000010
000000

000000
000100
001000
010000
010000
000000

000000
001100
000100
000100
000100
000000


001100
010010
000010
000100
001000
011110

011100
010010
000010
000100
001000
011110

001110
010010
000010
000100
001000
011110

001100
010010
000010
000100
001100
011110

001100
010010
000010
000110
001000
011110

001100
010010
000010
000100
011000
011110

011100
010010
000010
000100
011000
011110

011110
010010
000010
000100
001000
011110

001100
010010
000010
000100
001000
011110

011100
010010
000010
000110
011000
011110

001110
010010
000010
000110
001000
011110

011110
010010
000010
001100
011000
011110

001100
010010
000010
000100
001000
111110

001100
010010
000010
000100
001000
011111

001100
010010
000010
000100
001000
011110

001100
010010
100010
000100
001000
011110

011100
010010
100010
000100
001000
011110

011100
010010
100010
000100
011000
011110

011100
010010
000010
000100
001100
111110

001100
010010
000010
000100
001000
011111

011100
010010
000010
000100
001000
011111

001100
010011
000011
000110
001000
011110

001100
010010
000010
000100
001000
011110

001100
011110
000010
000100
001000
011110

001100
011010
000010
000100
001000
011110

001100
011010
010010
000100
001000
011110

001100
010010
000010
001100
011000
111110

001110
010011
000011
000100
001000
011111

011100
010010
000110
000100
001100
011110

011110
010010
000010
000110
001100
111110

011100
010100
000100
001100
011000
011110

001100
010110
000110
000100
001100
011110

001100
010010
000010
000110
010010
001100

001100
010010
000110
000110
010010
001100

001100
010010
000110
000010
010010
001100

011100
010010
000010
000110
010010
001100

001100
010010
000010
000110
010010
011100

001100
010010
000010
000110
010010
001110

001110
010010
000010
000110
010010
001100

011100
010010
000010
000110
010010
001100

001100
010010
000010
000110
010010
011100

001100
010010
000001
000111
010010
001100

001100
010010
000111
000011
010010
001100

001110
010010
000001
000111
010010
001100

001110
010001
000111
000011
010001
001110

001100
010010
000010
000110
010010
001100

001100
010010
000010
000110
100010
011100

011100
100010
000010
000110
010010
001100

011100
110010
000010
000110
110010
011100

011100
110010
000010
000110
010010
001100

001100
010010
000010
000110
110010
011100

001100
010011
000110
000110
010010
001100

001100
010010
000110
000110
010001
001110

011100
010010
000110
000110
110010
001100

001100
110010
001110
000110
000010
011100

011100
100010
001110
001110
000010
111100

111100
000010
001110
000110
010010
011100

001100
010011
000010
000110
110011
011110

011100
011010
000010
000110
010010
011100

011100
010010
000110
000010
011010
001100

001100
010011
000011
000110
110010
011110

111110
010010
000010
000110
110010
011100

111100
110010
000010
000110
110010
111100

001110
010011
000110
000010
010011
001110